/Users/5dof/CLionProjects/robot3/cmake-build-debug/robot
134
846
762
254
493
447
647
783
93
28
827
428
753
2
439
710
225
929
885
30
24
530
918
372
211
411
990
215
425
481
226
223
975
444
279
20
807
535
617
178
952
824
115
318
689
679
893
402
790
637
288
557
836
801
477
556
32
228
751
389
162
515
659
631
350
410
474
726
485
366
455
27
40
652
910
548
363
157
463
904
708
495
789
212
470
871
528
419
245
499
870
5
711
744
802
670
731
468
506
383
50
782
511
179
452
434
956
309
480
555
545
407
979
203
922
517
761
705
703
719
224
739
590
72
14
12
660
217
95
544
299
60
138
457
145
236
614
392
277
888
964
332
361
161
991
769
435
960
516
695
17
15
124
608
135
595
572
459
185
820
920
433
187
542
330
891
267
525
48
248
803
725
253
709
256
774
612
342
207
6
720
31
839
786
465
139
706
791
571
412
306
280
166
909
348
156
83
534
237
400
260
696
717
875
159
799
992
620
268
168
532
873
734
270
693
539
379
771
183
566
66
132
919
165
589
815
651
284
262
879
667
464
732
680
103
421
79
29
55
937
598
628
258
958
591
285
430
951
61
200
668
422
691
341
206
586
615
9
497
67
85
654
997
176
727
892
84
122
736
543
75
663
275
882
788
213
781
344
876
915
973
7
932
967
427
321
968
44
650
955
688
78
152
436
747
382
484
756
181
793
972
172
56
195
684
311
895
445
907
269
716
983
872
581
823
821
942
371
394
405
963
13
776
831
976
47
899
715
798
531
835
577
102
334
529
51
630
114
513
773
947
210
70
337
603
192
584
92
593
859
205
906
520
648
730
970
966
662
861
101
866
426
856
41
685
661
805
822
538
286
249
724
939
848
404
794
356
38
220
878
77
160
512
911
247
376
143
4
323
809
395
266
417
443
144
869
289
845
830
336
806
549
164
385
880
42
303
993
94
785
592
723
860
498
687
934
987
346
646
775
944
669
640
605
125
327
894
737
940
409
198
293
855
413
23
554
982
353
150
961
537
619
432
902
930
388
246
897
536
658
441
946
90
852
68
977
521
64
325
621
63
795
133
959
986
749
234
11
333
714
442
109
561
754
613
307
131
357
810
764
901
283
996
665
396
568
196
865
883
645
868
380
641
489
596
491
889
251
287
155
502
546
263
0
219
222
527
634
505
335
241
316
184
99
1
999
655
971
399
616
473
221
398
671
354
469
576
80
292
250
752
931
182
569
188
800
271
339
414
345
969
632
514
296
501
841
526
563
423
352
508
722
365
816
500
117
314
387
240
740
890
916
204
19
494
611
588
153
518
8
218
766
295
171
639
257
88
87
373
113
818
633
429
948
438
305
69
690
482
666
110
629
755
683
780
319
935
778
89
386
282
600
874
522
553
575
170
604
524
74
244
760
377
638
450
808
232
100
201
52
449
921
136
431
547
510
812
420
39
147
467
36
503
797
607
324
777
397
884
294
347
540
767
862
594
834
33
141
174
551
59
472
453
618
750
73
475
675
886
310
338
626
374
483
107
128
193
461
403
291
819
673
623
635
674
216
18
938
636
148
580
945
917
813
265
678
792
368
844
583
197
230
984
259
202
118
191
974
817
448
573
965
175
765
896
677
416
849
456
120
57
857
322
190
437
391
359
415
657
274
355
825
924
864
796
25
853
653
704
998
10
142
304
34
105
837
900
840
137
565
208
22
340
98
264
763
562
381
746
214
729
315
509
261
81
82
828
741
504
384
804
490
235
393
787
597
681
610
738
440
312
733
833
757
923
129
742
701
479
988
65
558
281
627
108
458
912
194
358
772
735
863
486
702
243
466
954
255
186
950
26
104
329
476
302
609
478
550
180
877
76
748
487
850
758
928
126
854
360
989
300
130
424
471
96
46
574
45
699
375
606
362
625
238
694
167
3
743
644
642
698
519
587
602
814
599
242
829
832
290
768
121
370
37
843
149
570
672
231
697
123
151
418
908
957
941
759
682
91
496
462
331
507
981
728
308
585
847
564
154
278
127
676
533
35
446
953
779
881
301
903
158
925
826
349
622
978
297
523
233
401
905
811
146
712
408
239
867
914
980
578
656
454
229
579
209
21
71
643
624
949
985
927
140
700
943
227
567
664
582
367
49
898
177
784
406
313
770
560
58
460
298
343
851
692
54
111
273
173
116
328
189
199
488
276
926
317
43
106
390
552
936
559
163
320
601
451
16
838
86
369
492
649
887
119
169
713
252
707
378
272
913
351
745
933
53
842
686
364
718
97
112
962
994
858
541
326
62
721
995

