R(1): minimum run time:30905 secs.
411
130
194
559
596
955
529
604
147
410
276
687
263
211
362
463
332
595
177
863
680
523
56
318
673
628
790
867
306
479
320
123
135
248
85
519
677
542
658
217
191
544
847
404
4
19
291
586
80
213
646
934
323
569
490
21
311
131
236
724
640
38
72
679
96
296
251
46
29
129
371
972
592
224
629
253
476
297
874
324
739
589
774
555
797
370
620
566
481
514
487
357
815
573
497
48
459
158
193
391
491
225
243
475
424
360
92
333
583
484
890
750
642
607
26
272
603
137
805
125
773
190
738
743
293
777
139
741
983
382
102
522
234
578
692
868
7
821
792
553
326
482
757
393
667
511
894
796
347
515
45
399
31
995
0
35
93
117
427
299
227
825
761
548
670
684
204
975
199
467
948
942
643
857
259
725
285
541
818
633
849
356
307
240
665
359
946
516
421
819
545
721
873
518
392
274
571
783
17
718
971
666
807
803
79
266
770
520
621
364
372
388
609
813
152
345
895
447
940
655
116
292
84
20
57
141
927
850
615
222
119
747
634
726
14
303
889
561
695
409
922
994
787
876
685
500
258
180
582
702
720
828
437
383
976
591
696
538
964
854
483
396
182
574
87
473
284
990
469
350
714
174
8
694
226
201
300
430
711
510
229
384
322
814
840
769
282
277
142
580
255
107
401
597
551
438
910
941
100
178
244
195
859
103
90
175
136
916
929
882
829
600
397
380
268
134
841
52
536
39
507
838
462
400
735
363
49
162
256
959
443
660
238
996
149
471
230
354
58
546
690
305
835
532
788
402
493
166
37
539
205
527
619
407
66
550
949
902
133
325
77
866
451
521
699
952
921
453
160
2
76
126
970
237
301
746
167
988
417
572
943
993
598
474
678
623
60
509
795
341
989
27
998
499
697
798
836
977
408
25
924
264
913
355
113
764
309
779
212
806
579
457
651
531
755
909
756
86
648
165
24
290
706
858
228
852
588
576
369
898
812
267
530
313
703
269
816
331
700
83
330
896
154
911
768
722
719
552
436
317
62
315
980
653
183
200
715
346
883
262
342
456
563
585
434
1
965
173
982
558
78
775
614
681
432
864
446
745
954
33
327
425
659
501
283
295
644
938
675
478
693
42
143
368
132
106
915
241
914
150
705
486
760
587
156
458
802
65
960
762
366
765
153
365
431
636
733
969
420
833
830
94
54
549
279
661
974
893
885
632
157
452
338
869
535
758
455
488
842
254
464
351
512
373
16
537
95
886
221
581
176
875
740
81
961
505
414
188
209
10
9
810
804
638
415
442
817
148
957
181
625
784
827
846
454
233
744
202
287
242
853
465
196
962
281
899
668
871
250
504
127
247
18
186
985
749
179
435
789
567
999
584
728
460
917
310
3
565
606
729
5
748
575
304
335
951
485
704
377
245
904
261
405
860
782
419
540
68
823
187
423
834
108
557
192
168
822
664
937
627
218
637
570
751
140
74
53
349
378
308
845
686
732
172
413
440
905
189
543
766
708
480
197
98
184
472
856
891
28
672
710
286
348
872
717
862
120
662
861
329
163
41
448
394
944
352
763
376
265
776
630
652
466
389
593
64
613
89
730
75
70
63
617
610
164
641
97
390
903
353
185
220
923
50
771
608
908
966
524
928
508
12
611
470
992
121
669
554
32
477
781
624
709
216
616
723
645
111
492
727
494
328
837
879
223
973
495
716
513
851
61
206
273
926
525
919
801
901
214
128
288
793
403
375
339
82
334
109
892
931
906
930
198
161
321
433
426
30
897
967
51
395
496
289
987
428
461
418
997
945
936
963
312
110
422
605
979
361
986
246
622
170
489
968
468
215
23
809
6
219
671
737
203
932
731
594
939
691
439
839
880
534
358
556
386
155
918
786
900
888
398
91
151
257
71
441
826
639
560
528
69
11
271
778
316
794
688
55
547
270
877
101
590
278
843
562
832
280
118
956
517
445
43
736
953
450
881
498
981
260
654
319
649
734
925
742
577
59
753
698
506
618
374
138
831
601
844
568
144
772
171
412
526
67
799
870
935
22
36
564
602
631
122
612
855
713
114
379
682
712
767
416
73
820
115
811
533
249
231
387
104
785
791
808
676
145
314
40
343
907
887
275
978
502
754
124
44
800
683
105
429
674
884
169
406
689
991
878
336
99
752
159
759
650
232
958
503
47
385
344
88
146
657
112
298
707
626
208
337
780
920
933
381
15
824
599
848
294
647
252
656
207
13
34
912
950
444
984
302
635
701
449
947
210
865
239
367
235
340
663


